1.000000000000000000e+00 -2.463835344532741278e-01 5.461973814071301447e-01 -8.619419081058934951e-02 1.553612408499599751e-01 1.744580626702686710e-01 8.125145525988733408e-02 7.111781035175036569e-01 -6.742223917970695535e-01 1.809521296193286333e-01 -3.864214987674213786e-01 nan
-2.463835344532741278e-01 1.000000000000000000e+00 -4.821172681699285034e-01 -2.531230174916875852e-01 -6.990570770858066385e-02 -6.340706277287898318e-02 -1.360149846652255468e-01 -8.455930732769655067e-02 3.275756252862927487e-01 -1.774440458925795883e-01 7.559735857446843454e-02 nan
5.461973814071301447e-01 -4.821172681699285034e-01 1.000000000000000000e+00 1.479869059629987660e-01 5.758871071108692119e-01 3.114030759278806904e-01 3.450937070584964572e-01 4.203143396236194707e-01 -6.377543046310636399e-01 5.317052943939805099e-01 -1.640258821262259581e-01 nan
-8.619419081058934951e-02 -2.531230174916875852e-01 1.479869059629987660e-01 1.000000000000000000e+00 -8.457663960072321803e-04 -4.907999870794932384e-02 2.995238749969662551e-01 3.100715188109843395e-02 -7.549208213932354083e-02 1.315007671651239989e-02 3.511034816495788857e-01 nan
1.553612408499599751e-01 -6.990570770858066385e-02 5.758871071108692119e-01 -8.457663960072321803e-04 1.000000000000000000e+00 3.012123006185400409e-01 1.402775760696830243e-01 3.280621290242683452e-01 -4.748530298929867777e-01 8.128638111990801329e-01 -1.777328136693872018e-01 nan
1.744580626702686710e-01 -6.340706277287898318e-02 3.114030759278806904e-01 -4.907999870794932384e-02 3.012123006185400409e-01 1.000000000000000000e+00 6.090252284786477066e-01 2.046058626168240913e-01 -7.681090894828215832e-02 4.079842888110647992e-01 -2.191783868096252308e-01 nan
8.125145525988733408e-02 -1.360149846652255468e-01 3.450937070584964572e-01 2.995238749969662551e-01 1.402775760696830243e-01 6.090252284786477066e-01 1.000000000000000000e+00 2.437582716922630510e-01 -1.445151412127601565e-01 3.323749810763584334e-01 -1.202254930618087136e-01 nan
7.111781035175036569e-01 -8.455930732769655067e-02 4.203143396236194707e-01 3.100715188109843395e-02 3.280621290242683452e-01 2.046058626168240913e-01 2.437582716922630510e-01 1.000000000000000000e+00 -4.994347393595545692e-01 3.599543173384768813e-01 -4.242849909812628217e-01 nan
-6.742223917970695535e-01 3.275756252862927487e-01 -6.377543046310636399e-01 -7.549208213932354083e-02 -4.748530298929867777e-01 -7.681090894828215832e-02 -1.445151412127601565e-01 -4.994347393595545692e-01 1.000000000000000000e+00 -4.779936406556593576e-01 5.218292348153703575e-01 nan
1.809521296193286333e-01 -1.774440458925795883e-01 5.317052943939805099e-01 1.315007671651239989e-02 8.128638111990801329e-01 4.079842888110647992e-01 3.323749810763584334e-01 3.599543173384768813e-01 -4.779936406556593576e-01 1.000000000000000000e+00 -1.371671374228947693e-01 nan
-3.864214987674213786e-01 7.559735857446843454e-02 -1.640258821262259581e-01 3.511034816495788857e-01 -1.777328136693872018e-01 -2.191783868096252308e-01 -1.202254930618087136e-01 -4.242849909812628217e-01 5.218292348153703575e-01 -1.371671374228947693e-01 1.000000000000000000e+00 nan
nan nan nan nan nan nan nan nan nan nan nan nan
