1.000000000000000000e+00 -5.782163274419775956e-01 9.622918822626697066e-01 -2.540907787134425999e-01 2.585872151579659065e-02 2.769646515844131907e-01 4.740944146307911056e-01 8.052177266822453383e-01 -5.866132838664225302e-01 4.910680633513087590e-01 -5.877737055026588386e-01 nan
-5.782163274419775956e-01 1.000000000000000000e+00 -6.926838541929176696e-01 2.690327978289857036e-01 -1.483288495540189822e-01 -4.711591981463333911e-01 -5.390562951583670603e-01 -5.935607088488396021e-01 5.780232877987326878e-01 -7.922405786983620635e-01 7.173915692883162665e-01 nan
9.622918822626697066e-01 -6.926838541929176696e-01 1.000000000000000000e+00 -2.849022095195992144e-01 5.791729781934070592e-02 2.683066101211077359e-01 5.281377047001528657e-01 7.794015893230745728e-01 -6.815223731821848929e-01 5.351036125745393113e-01 -7.559584373430311421e-01 nan
-2.540907787134425999e-01 2.690327978289857036e-01 -2.849022095195992144e-01 1.000000000000000000e+00 -4.616228209648417513e-01 -5.285586003964009016e-01 -4.343911524649983202e-01 1.976318441182756125e-01 3.484614766934278629e-01 -3.160721601589135399e-01 3.799667202142201772e-01 nan
2.585872151579659065e-02 -1.483288495540189822e-01 5.791729781934070592e-02 -4.616228209648417513e-01 1.000000000000000000e+00 1.846794209079991311e-01 -5.317551551035258617e-02 -3.335085258879028070e-01 -3.722668696773910879e-01 6.144814935630102393e-02 -2.816968554523550661e-01 nan
2.769646515844131907e-01 -4.711591981463333911e-01 2.683066101211077359e-01 -5.285586003964009016e-01 1.846794209079991311e-01 1.000000000000000000e+00 7.992772173208451125e-01 2.137433258211271850e-02 -2.535826031946342707e-01 7.022616185282719581e-01 -1.578966178310975133e-01 nan
4.740944146307911056e-01 -5.390562951583670603e-01 5.281377047001528657e-01 -4.343911524649983202e-01 -5.317551551035258617e-02 7.992772173208451125e-01 1.000000000000000000e+00 3.276525901877260227e-01 -5.170919348902230928e-01 5.059211239073163613e-01 -4.487246688872620903e-01 nan
8.052177266822453383e-01 -5.935607088488396021e-01 7.794015893230745728e-01 1.976318441182756125e-01 -3.335085258879028070e-01 2.137433258211271850e-02 3.276525901877260227e-01 1.000000000000000000e+00 -4.996732829732599135e-01 3.586266654438106660e-01 -4.905906674576648308e-01 nan
-5.866132838664225302e-01 5.780232877987326878e-01 -6.815223731821848929e-01 3.484614766934278629e-01 -3.722668696773910879e-01 -2.535826031946342707e-01 -5.170919348902230928e-01 -4.996732829732599135e-01 1.000000000000000000e+00 -2.206129973284248480e-01 8.501441687045619977e-01 nan
4.910680633513087590e-01 -7.922405786983620635e-01 5.351036125745393113e-01 -3.160721601589135399e-01 6.144814935630102393e-02 7.022616185282719581e-01 5.059211239073163613e-01 3.586266654438106660e-01 -2.206129973284248480e-01 1.000000000000000000e+00 -4.163320192417913623e-01 nan
-5.877737055026588386e-01 7.173915692883162665e-01 -7.559584373430311421e-01 3.799667202142201772e-01 -2.816968554523550661e-01 -1.578966178310975133e-01 -4.487246688872620903e-01 -4.905906674576648308e-01 8.501441687045619977e-01 -4.163320192417913623e-01 1.000000000000000000e+00 nan
nan nan nan nan nan nan nan nan nan nan nan nan
