1.000000000000000000e+00 -1.736710693590012844e-01 6.265584850606660261e-01 1.474874054315958860e-01 8.816072985810828599e-02 -9.161768205595341441e-02 -3.384723803874890857e-02 6.837099574095687471e-01 -6.317505437551854675e-01 1.007417220332162688e-01 1.382416399397491148e-02 nan
-1.736710693590012844e-01 1.000000000000000000e+00 -4.825347763800294509e-01 1.320801019401006936e-02 -3.111563364039429593e-03 -3.989716743917241792e-02 8.791339692956295221e-03 -9.081933107668013760e-02 1.548146963149180377e-01 -1.669294423528907556e-01 -1.611185735673157163e-02 nan
6.265584850606660261e-01 -4.825347763800294509e-01 1.000000000000000000e+00 1.355539158028589430e-01 2.746479084713382424e-01 2.568337653614520197e-02 1.675366516690182661e-01 4.426510089628688527e-01 -4.688671834757229817e-01 2.888897034545987452e-01 -3.363924796072573654e-03 nan
1.474874054315958860e-01 1.320801019401006936e-02 1.355539158028589430e-01 1.000000000000000000e+00 3.052570861729400273e-02 2.757389268734181664e-01 2.100686628677432277e-01 4.528241345605082957e-01 -7.564800035517812993e-02 4.359216974884754653e-02 5.361262385670240854e-02 nan
8.816072985810828599e-02 -3.111563364039429593e-03 2.746479084713382424e-01 3.052570861729400273e-02 1.000000000000000000e+00 3.507858707006987486e-02 6.264087216866733032e-02 1.204094494399797904e-01 -3.008519946827394875e-01 5.090212075627987831e-01 -1.840976554544460075e-01 nan
-9.161768205595341441e-02 -3.989716743917241792e-02 2.568337653614520197e-02 2.757389268734181664e-01 3.507858707006987486e-02 1.000000000000000000e+00 6.866258126460130784e-01 7.777579910806399488e-02 -1.793622108531250578e-02 6.647294254111280054e-02 -1.350504404601523545e-01 nan
-3.384723803874890857e-02 8.791339692956295221e-03 1.675366516690182661e-01 2.100686628677432277e-01 6.264087216866733032e-02 6.866258126460130784e-01 1.000000000000000000e+00 1.262173417766615513e-01 -1.321855831645027401e-01 1.311258041006002073e-01 -2.137560021538091326e-01 nan
6.837099574095687471e-01 -9.081933107668013760e-02 4.426510089628688527e-01 4.528241345605082957e-01 1.204094494399797904e-01 7.777579910806399488e-02 1.262173417766615513e-01 1.000000000000000000e+00 -2.700875626445963795e-01 1.869957934029691793e-01 -2.887623316360286574e-01 nan
-6.317505437551854675e-01 1.548146963149180377e-01 -4.688671834757229817e-01 -7.564800035517812993e-02 -3.008519946827394875e-01 -1.793622108531250578e-02 -1.321855831645027401e-01 -2.700875626445963795e-01 1.000000000000000000e+00 -2.035963032653786420e-01 2.373171401063717822e-01 nan
1.007417220332162688e-01 -1.669294423528907556e-01 2.888897034545987452e-01 4.359216974884754653e-02 5.090212075627987831e-01 6.647294254111280054e-02 1.311258041006002073e-01 1.869957934029691793e-01 -2.035963032653786420e-01 1.000000000000000000e+00 -1.528245026701982243e-02 nan
1.382416399397491148e-02 -1.611185735673157163e-02 -3.363924796072573654e-03 5.361262385670240854e-02 -1.840976554544460075e-01 -1.350504404601523545e-01 -2.137560021538091326e-01 -2.887623316360286574e-01 2.373171401063717822e-01 -1.528245026701982243e-02 1.000000000000000000e+00 nan
nan nan nan nan nan nan nan nan nan nan nan nan
