1.000000000000000000e+00 -4.021567473550411997e-01 8.864953761635495644e-01 4.619390830191397734e-01 7.016592378874969560e-01 -3.366642737379264005e-01 -5.163680448704714987e-01 8.479003757470000568e-01 -8.319152304786718855e-01 -2.687447505174524465e-01 -4.966044986955325258e-01 nan
-4.021567473550411997e-01 1.000000000000000000e+00 -5.408872416416037332e-01 -8.045041543842201825e-02 -4.364574496505644330e-01 4.378586356700582549e-02 4.344912657587032823e-01 -4.020222316289100983e-01 5.627666033244830279e-01 -7.200457144872067505e-02 5.327111997893226869e-01 nan
8.864953761635495644e-01 -5.408872416416037332e-01 1.000000000000000000e+00 4.075967697708285375e-01 7.960088259184588955e-01 -4.303894467188956741e-01 -5.857206843307422028e-01 8.236385104225514286e-01 -7.900043017626711128e-01 -1.690403321531412650e-01 -4.602593864169525761e-01 nan
4.619390830191397734e-01 -8.045041543842201825e-02 4.075967697708285375e-01 1.000000000000000000e+00 4.833793138414966273e-01 -2.874162739875463224e-01 -3.606209088930182327e-01 5.797231322874947246e-01 -1.476290643946650827e-01 1.618449694174333786e-03 2.248001157118243998e-01 nan
7.016592378874969560e-01 -4.364574496505644330e-01 7.960088259184588955e-01 4.833793138414966273e-01 1.000000000000000000e+00 -1.323977529548953924e-01 -5.455405621526668858e-01 6.235281978106159695e-01 -6.182786045016033238e-01 -2.672746713366735971e-01 -1.714213252139435983e-01 nan
-3.366642737379264005e-01 4.378586356700582549e-02 -4.303894467188956741e-01 -2.874162739875463224e-01 -1.323977529548953924e-01 1.000000000000000000e+00 7.170981435279608629e-01 -5.010566138477308140e-01 2.135027109722860694e-01 -2.563338607947387993e-01 3.438954137797585187e-01 nan
-5.163680448704714987e-01 4.344912657587032823e-01 -5.857206843307422028e-01 -3.606209088930182327e-01 -5.455405621526668858e-01 7.170981435279608629e-01 1.000000000000000000e+00 -6.143616066538525322e-01 4.323029502026077830e-01 -2.550256696266561124e-02 4.507476055479474053e-01 nan
8.479003757470000568e-01 -4.020222316289100983e-01 8.236385104225514286e-01 5.797231322874947246e-01 6.235281978106159695e-01 -5.010566138477308140e-01 -6.143616066538525322e-01 1.000000000000000000e+00 -6.462490749054080608e-01 6.443670818836959302e-02 -5.434650068409611068e-01 nan
-8.319152304786718855e-01 5.627666033244830279e-01 -7.900043017626711128e-01 -1.476290643946650827e-01 -6.182786045016033238e-01 2.135027109722860694e-01 4.323029502026077830e-01 -6.462490749054080608e-01 1.000000000000000000e+00 9.907070624784447554e-02 6.983831451029143267e-01 nan
-2.687447505174524465e-01 -7.200457144872067505e-02 -1.690403321531412650e-01 1.618449694174333786e-03 -2.672746713366735971e-01 -2.563338607947387993e-01 -2.550256696266561124e-02 6.443670818836959302e-02 9.907070624784447554e-02 1.000000000000000000e+00 -2.129349987136414102e-01 nan
-4.966044986955325258e-01 5.327111997893226869e-01 -4.602593864169525761e-01 2.248001157118243998e-01 -1.714213252139435983e-01 3.438954137797585187e-01 4.507476055479474053e-01 -5.434650068409611068e-01 6.983831451029143267e-01 -2.129349987136414102e-01 1.000000000000000000e+00 nan
nan nan nan nan nan nan nan nan nan nan nan nan
