1.000000000000000000e+00 -2.514271432989527155e-01 7.340707167389016741e-01 1.714698678542651011e-01 1.968267109904593137e-01 -1.415582535705233180e-01 -1.605039118859479808e-01 7.761168460937798441e-01 -7.695802807016952629e-01 1.920144395047837516e-01 -3.789850345072489635e-01 nan
-2.514271432989527155e-01 1.000000000000000000e+00 -4.921825303289572573e-01 1.044814173733061291e-01 9.473866545247314197e-02 1.589194881436946719e-02 2.054112018887935265e-02 5.104235289109670254e-02 3.212911410135100287e-01 -2.210081286578731985e-01 1.889941605831066754e-02 nan
7.340707167389016741e-01 -4.921825303289572573e-01 1.000000000000000000e+00 2.676105210094191222e-01 2.410869800691188003e-01 -3.511816817252503414e-02 3.861326480967305907e-02 4.934092448184799196e-01 -7.154737997506833702e-01 2.116535806160400324e-01 -7.286177087664263974e-02 nan
1.714698678542651011e-01 1.044814173733061291e-01 2.676105210094191222e-01 1.000000000000000000e+00 1.179210578966194134e-01 4.408490910204412860e-02 2.905204963887074165e-01 3.288437813673730226e-01 -1.881468720720891330e-01 -1.324634402140781320e-01 6.320853519286918909e-02 nan
1.968267109904593137e-01 9.473866545247314197e-02 2.410869800691188003e-01 1.179210578966194134e-01 1.000000000000000000e+00 -1.873868230089627829e-01 -2.239224904797150750e-01 3.359641890934402797e-01 -1.711507685051991134e-01 1.467287554370172720e-01 -2.076990290372822123e-01 nan
-1.415582535705233180e-01 1.589194881436946719e-02 -3.511816817252503414e-02 4.408490910204412860e-02 -1.873868230089627829e-01 1.000000000000000000e+00 6.583534317924784052e-01 -6.730943532350652792e-02 1.073490366914772315e-01 4.039456476465121820e-02 -2.750758069313927884e-02 nan
-1.605039118859479808e-01 2.054112018887935265e-02 3.861326480967305907e-02 2.905204963887074165e-01 -2.239224904797150750e-01 6.583534317924784052e-01 1.000000000000000000e+00 -1.553081442231877829e-01 1.614590767193857176e-02 -4.600071991560897300e-02 1.166755414395941465e-01 nan
7.761168460937798441e-01 5.104235289109670254e-02 4.934092448184799196e-01 3.288437813673730226e-01 3.359641890934402797e-01 -6.730943532350652792e-02 -1.553081442231877829e-01 1.000000000000000000e+00 -4.345669023384578500e-01 2.292298976721936221e-01 -5.817180273383556477e-01 nan
-7.695802807016952629e-01 3.212911410135100287e-01 -7.154737997506833702e-01 -1.881468720720891330e-01 -1.711507685051991134e-01 1.073490366914772315e-01 1.614590767193857176e-02 -4.345669023384578500e-01 1.000000000000000000e+00 -3.708303878401097292e-02 3.142958960108556132e-01 nan
1.920144395047837516e-01 -2.210081286578731985e-01 2.116535806160400324e-01 -1.324634402140781320e-01 1.467287554370172720e-01 4.039456476465121820e-02 -4.600071991560897300e-02 2.292298976721936221e-01 -3.708303878401097292e-02 1.000000000000000000e+00 -4.935887966038784297e-02 nan
-3.789850345072489635e-01 1.889941605831066754e-02 -7.286177087664263974e-02 6.320853519286918909e-02 -2.076990290372822123e-01 -2.750758069313927884e-02 1.166755414395941465e-01 -5.817180273383556477e-01 3.142958960108556132e-01 -4.935887966038784297e-02 1.000000000000000000e+00 nan
nan nan nan nan nan nan nan nan nan nan nan nan
