1.000000000000000000e+00 -2.640289906315207435e-01 6.743877996720291090e-01 7.610621637339996803e-02 1.230178137079513817e-01 -2.329298198272719000e-01 -1.602495753056205618e-01 7.004321349692335108e-01 -7.101335089668771028e-01 2.129041803906746300e-01 -1.448673931322866926e-01 nan
-2.640289906315207435e-01 1.000000000000000000e+00 -5.720388065319407245e-01 6.370699485374717481e-03 4.544501001632135495e-02 -9.016624006069185945e-03 4.736640046669114007e-02 -8.320576492358342999e-03 2.532687764988748036e-01 -1.911559526724198321e-01 -1.076504617907054762e-01 nan
6.743877996720291090e-01 -5.720388065319407245e-01 1.000000000000000000e+00 1.095897999240325327e-01 1.686317830464946210e-01 -1.596008084595918752e-01 -4.007980718298271433e-02 3.745895613389060852e-01 -5.464403379026917529e-01 2.459931677603663380e-01 5.940925784326293868e-02 nan
7.610621637339996803e-02 6.370699485374717481e-03 1.095897999240325327e-01 1.000000000000000000e+00 1.097970111759048462e-01 1.943077914204462964e-01 2.237803621954915223e-01 3.452289578752083532e-01 -7.043679266964830710e-02 -1.223157716222760504e-02 -2.603627745311351202e-02 nan
1.230178137079513817e-01 4.544501001632135495e-02 1.686317830464946210e-01 1.097970111759048462e-01 1.000000000000000000e+00 -6.729988941416249759e-02 -1.604798073735123204e-03 2.313827147684330843e-01 -2.429592083903376332e-01 2.719733747650203148e-01 -2.094449419536153489e-01 nan
-2.329298198272719000e-01 -9.016624006069185945e-03 -1.596008084595918752e-01 1.943077914204462964e-01 -6.729988941416249759e-02 1.000000000000000000e+00 6.647098526085126746e-01 -1.452641695087160401e-01 1.892322283345770351e-01 5.175614114343506794e-02 6.125827337962083674e-02 nan
-1.602495753056205618e-01 4.736640046669114007e-02 -4.007980718298271433e-02 2.237803621954915223e-01 -1.604798073735123204e-03 6.647098526085126746e-01 1.000000000000000000e+00 -1.447354504531111509e-02 9.726701385697009844e-03 8.517064146515168632e-02 -8.485814365035117268e-02 nan
7.004321349692335108e-01 -8.320576492358342999e-03 3.745895613389060852e-01 3.452289578752083532e-01 2.313827147684330843e-01 -1.452641695087160401e-01 -1.447354504531111509e-02 1.000000000000000000e+00 -3.807147855530900737e-01 2.173100083555343232e-01 -5.471225856614275740e-01 nan
-7.101335089668771028e-01 2.532687764988748036e-01 -5.464403379026917529e-01 -7.043679266964830710e-02 -2.429592083903376332e-01 1.892322283345770351e-01 9.726701385697009844e-03 -3.807147855530900737e-01 1.000000000000000000e+00 -1.885048367369655808e-01 2.154532904096993773e-01 nan
2.129041803906746300e-01 -1.911559526724198321e-01 2.459931677603663380e-01 -1.223157716222760504e-02 2.719733747650203148e-01 5.175614114343506794e-02 8.517064146515168632e-02 2.173100083555343232e-01 -1.885048367369655808e-01 1.000000000000000000e+00 -4.624848501235637871e-02 nan
-1.448673931322866926e-01 -1.076504617907054762e-01 5.940925784326293868e-02 -2.603627745311351202e-02 -2.094449419536153489e-01 6.125827337962083674e-02 -8.485814365035117268e-02 -5.471225856614275740e-01 2.154532904096993773e-01 -4.624848501235637871e-02 1.000000000000000000e+00 nan
nan nan nan nan nan nan nan nan nan nan nan nan
